[gd_scene load_steps=5 format=3 uid="uid://8gwkm0r15him"]

[ext_resource type="PackedScene" uid="uid://uu1avj3yb0mv" path="res://Objetos/Cubo.tscn" id="1_x21ax"]
[ext_resource type="PackedScene" uid="uid://bhmi7603rw3u0" path="res://Objetos/personaje_prueba.tscn" id="2_b0te4"]

[sub_resource type="BoxMesh" id="BoxMesh_ss6bw"]
size = Vector3(50, 1, 50)

[sub_resource type="BoxShape3D" id="BoxShape3D_ss6bw"]
size = Vector3(50, 1, 50)

[node name="NodoBase" type="Node3D"]

[node name="Suelo" type="StaticBody3D" parent="."]
transform = Transform3D(1, 0, 0, 0, 1, 0, 0, 0, 1, 0, -0.5, 0)
metadata/_edit_group_ = true

[node name="MeshInstance3D" type="MeshInstance3D" parent="Suelo"]
mesh = SubResource("BoxMesh_ss6bw")

[node name="CollisionShape3D" type="CollisionShape3D" parent="Suelo"]
shape = SubResource("BoxShape3D_ss6bw")

[node name="Luz" type="DirectionalLight3D" parent="."]
transform = Transform3D(1, 0, 0, 0, 0.7850467, 0.61943656, 0, -0.61943656, 0.7850467, 0, 15.805849, 15.61705)
shadow_enabled = true

[node name="RigidBody3D" parent="." instance=ExtResource("1_x21ax")]
transform = Transform3D(1, 0, 0, 0, 0.8346941, 0.55071384, 0, -0.55071384, 0.8346941, 15.424164, 26.944992, 0)

[node name="PersonajePrueba" parent="." instance=ExtResource("2_b0te4")]
transform = Transform3D(1, 0, 0, 0, 1, 0, 0, 0, 1, 0, 4.0929737, 0)

[node name="Camara" type="Camera3D" parent="PersonajePrueba"]
transform = Transform3D(1, 0, 0, 0, 0.7071068, 0.7071068, 0, -0.7071068, 0.7071068, 0, 18.325293, 29.011932)
